RMS V	RMS I	PF	Active power	Reactive power	Apparent power	TV	Microwave	Fan
241.88	3.49	0.77	331.39	277.06	431.96	0	1	0
241.91	3.49	0.77	62.83	52.57	81.92	0	1	0
242.13	3.48	0.77	62.78	52.63	81.92	0	1	0
242.11	3.49	0.77	16.1	13.48	21	0	1	0
242.1	3.49	0.77	62.75	52.67	81.92	0	1	0
242.14	3.49	0.77	16.11	13.48	21	0	1	0
242.13	3.49	0.77	16.11	13.48	21	0	1	0
242.11	3.49	0.77	16.1	13.49	21	0	1	0
242.12	3.48	0.77	16.11	13.48	21	0	1	0
242.12	3.49	0.77	16.09	13.5	21	0	1	0
242.11	3.48	0.77	95.05	79.53	123.93	0	1	0
242.14	3.48	0.77	489.72	409.8	638.57	0	1	0
242.12	3.49	0.77	1279.52	1069.82	1667.84	0	1	0
242.1	3.49	0.77	104.09	86.58	135.39	0	1	0
241.81	3.49	0.77	405.65	338.34	528.23	0	1	0
241.84	3.49	0.77	139.77	117.02	182.29	0	1	0
241.88	3.49	0.77	300.08	250.21	390.7	0	1	0
242.19	3.48	0.77	885.84	738.35	1153.2	0	1	0
242.19	3.49	0.77	1038.11	863.38	1350.23	0	1	0
242	3.49	0.77	225.91	188.46	294.2	0	1	0
241.86	3.49	0.77	230.93	192.86	300.87	0	1	0
241.89	3.49	0.77	510.24	425.54	664.41	0	1	0
242	3.49	0.77	490.7	408.64	638.57	0	1	0
242.12	3.48	0.77	1279.34	1070.03	1667.84	0	1	0
242.13	3.49	0.77	77.23	64.19	100.42	0	1	0
241.84	3.49	0.77	257.37	215.3	335.55	0	1	0
241.89	3.49	0.77	220.54	184.16	287.32	0	1	0
241.89	3.49	0.77	516.22	430.72	672.31	0	1	0
242.01	3.49	0.77	490.01	409.46	638.57	0	1	0
242.09	3.49	0.77	1279.33	1070.05	1667.84	0	1	0
242.09	3.49	0.77	72.72	60.54	94.62	0	1	0
241.85	3.49	0.77	82.33	68.65	107.2	0	1	0
241.85	3.48	0.77	269.77	225.11	351.36	0	1	0
241.89	3.49	0.77	134.84	112.34	175.5	0	1	0
241.84	3.49	0.77	471.08	393.32	613.69	0	1	0
242.01	3.49	0.77	647.77	541.7	844.42	0	1	0
242.12	3.49	0.77	1280.3	1068.89	1667.84	0	1	0
242.11	3.49	0.77	104.9	87.44	136.56	0	1	0
241.79	3.49	0.77	429.82	359.81	560.55	0	1	0
241.86	3.49	0.77	183.76	153.83	239.65	0	1	0
241.92	3.49	0.77	220.86	184.49	287.78	0	1	0
242.17	3.49	0.77	964.23	805.06	1256.13	0	1	0
242.15	3.49	0.77	846.36	703.67	1100.67	0	1	0
242	3.49	0.77	139.86	116.56	182.06	0	1	0
241.82	3.49	0.77	368.87	307.85	480.45	0	1	0
241.8	3.49	0.77	439.88	368.74	573.99	0	1	0
241.98	3.49	0.77	174.07	145.47	226.86	0	1	0
242.18	3.49	0.77	1122.42	936.78	1461.98	0	1	0
242.06	3.49	0.77	105.79	88.21	137.75	0	1	0
241.88	3.48	0.77	77.18	64.26	100.42	0	1	0
241.81	3.48	0.77	263.66	220.11	343.46	0	1	0
241.87	3.49	0.77	187.03	155.56	243.27	0	1	0
241.88	3.49	0.77	524.94	438.78	684.17	0	1	0
242.01	3.48	0.77	490.35	409.05	638.57	0	1	0
242.12	3.48	0.77	1280.47	1068.68	1667.84	0	1	0
242.1	3.49	0.77	73.4	61.23	95.59	0	1	0
241.88	3.49	0.77	74.13	61.87	96.55	0	1	0
241.88	3.49	0.77	73.35	61.29	95.59	0	1	0
241.87	3.48	0.77	76.35	63.74	99.46	0	1	0
241.89	3.48	0.77	77.94	64.85	101.39	0	1	0
241.81	3.49	0.77	266.55	222.8	347.41	0	1	0
241.88	3.49	0.77	217.99	181.92	283.93	0	1	0
241.87	3.49	0.77	486.1	405.13	632.79	0	1	0
242.01	3.49	0.77	490.23	409.21	638.57	0	1	0
242.11	3.49	0.77	1279.44	1069.91	1667.84	0	1	0
242.11	3.49	0.77	51.06	42.56	66.47	0	1	0
241.83	3.49	0.77	51.64	43.05	67.23	0	1	0
241.86	3.48	0.77	49.88	41.57	64.93	0	1	0
241.85	3.49	0.77	55.16	46.01	71.83	0	1	0
241.86	3.48	0.77	52.88	43.96	68.76	0	1	0
241.84	3.48	0.77	53.97	45.04	70.3	0	1	0
241.84	3.48	0.77	56.34	46.98	73.36	0	1	0
241.85	3.48	0.77	53.93	45.08	70.3	0	1	0
241.84	3.48	0.77	52.24	43.53	68	0	1	0
241.86	3.48	0.77	49.27	41.11	64.17	0	1	0
241.85	3.48	0.77	53.99	45.02	70.3	0	1	0
241.84	3.48	0.77	55.15	46.02	71.83	0	1	0
241.86	3.48	0.77	56.93	47.46	74.12	0	1	0
241.86	3.48	0.77	54	45.01	70.3	0	1	0
241.86	3.48	0.77	56.37	46.95	73.36	0	1	0
241.86	3.48	0.77	55.16	46.01	71.83	0	1	0
241.86	3.48	0.77	53.95	45.06	70.3	0	1	0
241.86	3.48	0.77	30.66	25.58	39.93	0	1	0
241.83	3.49	0.77	34.58	28.81	45.01	0	1	0
241.83	3.49	0.77	53.97	45.04	70.3	0	1	0
241.87	3.48	0.77	52.24	43.53	68	0	1	0
241.86	3.48	0.77	73.42	61.21	95.59	0	1	0
241.87	3.48	0.77	78.65	65.51	102.36	0	1	0
241.82	3.49	0.77	255.83	214.06	333.57	0	1	0
241.88	3.49	0.77	194.8	162.12	253.44	0	1	0
241.88	3.49	0.77	505.21	422.32	658.48	0	1	0
241.99	3.49	0.77	490.02	409.45	638.57	0	1	0
242.11	3.48	0.77	1280.55	1068.59	1667.84	0	1	0
248.34	0.36	0.67	54.91	60.8	81.92	0	0	1
248.59	0.36	0.67	14.09	15.58	21	0	0	1
248.57	0.36	0.67	83.08	91.96	123.93	0	0	1
248.57	0.36	0.67	73.06	80.39	108.63	0	0	1
248.17	0.36	0.67	0.95	1.05	1.41	0	0	1
248.38	0.36	0.67	3.22	3.54	4.78	0	0	1
248.28	0.36	0.67	6.72	7.42	10.01	0	0	1
248.32	0.36	0.67	6.24	6.91	9.31	0	0	1
248.37	0.36	0.67	60.8	67.24	90.65	0	0	1
248.25	0.36	0.67	1.83	2.02	2.73	0	0	1
248.22	0.36	0.67	5.22	5.78	7.79	0	0	1
248.33	0.36	0.67	53.86	59.76	80.45	0	0	1
248.16	0.36	0.67	1	1.1	1.49	0	0	1
248.21	0.36	0.67	3.96	4.37	5.9	0	0	1
248.55	0.36	0.67	7.77	8.58	11.58	0	0	1
248.54	0.36	0.67	7.37	8.11	10.96	0	0	1
248.34	0.36	0.67	6.68	7.4	9.97	0	0	1
248.6	0.36	0.67	61.46	67.96	91.62	0	0	1
248.25	0.36	0.67	2.05	2.26	3.05	0	0	1
248.22	0.36	0.67	5.36	5.94	7.99	0	0	1
248.35	0.36	0.67	55.18	60.86	82.15	0	0	1
248.18	0.36	0.67	1.14	1.25	1.7	0	0	1
248.2	0.36	0.67	4.53	5.02	6.76	0	0	1
248.33	0.36	0.67	7.78	8.57	11.58	0	0	1
248.37	0.36	0.67	7.27	7.98	10.79	0	0	1
248.58	0.36	0.67	6.76	7.44	10.05	0	0	1
248.32	0.36	0.67	6.26	6.9	9.31	0	0	1
248.35	0.36	0.67	61.31	67.76	91.38	0	0	1
248.24	0.36	0.67	1.61	1.77	2.4	0	0	1
248.45	0.36	0.67	5.12	5.65	7.62	0	0	1
248.55	0.36	0.67	53.25	58.67	79.24	0	0	1
248.38	0.36	0.67	0.75	0.83	1.12	0	0	1
248.21	0.36	0.67	3.98	4.4	5.94	0	0	1
248.32	0.36	0.67	8.11	8.94	12.07	0	0	1
248.37	0.36	0.67	7.67	8.45	11.41	0	0	1
248.8	0.36	0.67	7.21	7.92	10.71	0	0	1
248.34	0.36	0.67	7.17	7.9	10.67	0	0	1
248.35	0.36	0.67	6.58	7.27	9.81	0	0	1
248.35	0.36	0.67	61.23	67.83	91.38	0	0	1
248.24	0.36	0.67	1.78	1.96	2.64	0	0	1
248.22	0.36	0.67	5.39	5.96	8.04	0	0	1
248.37	0.36	0.67	8.5	9.37	12.65	0	0	1
248.62	0.36	0.67	8.45	9.25	12.52	0	0	1
248.38	0.36	0.67	8.06	8.93	12.03	0	0	1
248.37	0.36	0.67	7.9	8.74	11.78	0	0	1
248.37	0.36	0.67	7.5	8.27	11.16	0	0	1
248.35	0.36	0.67	6.63	7.34	9.89	0	0	1
248.38	0.36	0.67	59.03	65.24	87.98	0	0	1
248.34	0.36	0.67	1.36	1.5	2.03	0	0	1
248.2	0.36	0.67	4.73	5.23	7.05	0	0	1
248.33	0.36	0.67	7.94	8.76	11.82	0	0	1
248.61	0.36	0.67	7.22	7.97	10.75	0	0	1
248.34	0.36	0.67	7.01	7.72	10.42	0	0	1
248.33	0.36	0.67	6.93	7.62	10.3	0	0	1
248.32	0.36	0.67	6.02	6.67	8.98	0	0	1
248.35	0.36	0.67	58.77	65.15	87.74	0	0	1
248.23	0.36	0.67	1.58	1.75	2.35	0	0	1
248.67	0.36	0.67	5.47	6	8.12	0	0	1
248.58	0.36	0.67	56.49	62.3	84.09	0	0	1
248.17	0.36	0.67	1	1.1	1.49	0	0	1
248.19	0.36	0.67	3.82	4.22	5.69	0	0	1
248.31	0.36	0.67	8.03	8.85	11.95	0	0	1
248.36	0.36	0.67	7.06	7.78	10.51	0	0	1
248.31	0.36	0.67	6.64	7.33	9.89	0	0	1
248.35	0.36	0.67	63.47	70.39	94.78	0	0	1
248.25	0.36	0.67	1.64	1.81	2.44	0	0	1
248.21	0.36	0.67	5.86	6.48	8.74	0	0	1
248.36	0.36	0.67	57.77	64.09	86.28	0	0	1
248.37	0.36	0.67	1.75	1.93	2.6	0	0	1
248.21	0.36	0.67	5.04	5.56	7.5	0	0	1
248.33	0.36	0.67	55.19	61.18	82.39	0	0	1
248.14	0.36	0.67	0.64	0.71	0.96	0	0	1
248.66	0.36	0.67	3.84	4.25	5.73	0	0	1
248.36	0.36	0.67	8.13	8.92	12.07	0	0	1
248.37	0.36	0.67	7.56	8.33	11.25	0	0	1
248.36	0.36	0.67	7.25	8	10.79	0	0	1
248.33	0.36	0.67	7.15	7.87	10.63	0	0	1
248.34	0.36	0.67	6.64	7.33	9.89	0	0	1
248.36	0.36	0.67	59.24	65.37	88.22	0	0	1
248.44	0.36	0.67	1.39	1.53	2.07	0	0	1
248.2	0.36	0.67	5.05	5.6	7.54	0	0	1
248.33	0.36	0.67	8.81	9.75	13.14	0	0	1
248.62	0.36	0.67	8.2	9.03	12.19	0	0	1
248.38	0.36	0.67	7.9	8.74	11.78	0	0	1
248.38	0.36	0.67	7.76	8.59	11.58	0	0	1
248.35	0.36	0.67	7.66	8.46	11.41	0	0	1
248.35	0.36	0.67	7.17	7.9	10.67	0	0	1
248.32	0.36	0.67	6.88	7.61	10.26	0	0	1
235.15	0.33	0.63	42.2	51.61	66.67	1	0	0
235.72	0.33	0.63	13.22	16.32	21	1	0	0
235.92	0.33	0.63	78.08	96.24	123.93	1	0	0
235.6	0.33	0.63	4.04	4.95	6.39	1	0	0
235.35	0.33	0.63	4.54	5.58	7.19	1	0	0
235.33	0.33	0.63	4.03	4.96	6.39	1	0	0
235.34	0.33	0.63	3.52	4.34	5.59	1	0	0
235.33	0.33	0.63	4.33	5.34	6.87	1	0	0
235.33	0.33	0.63	5.06	6.19	8	1	0	0
235.29	0.33	0.63	5.95	7.33	9.44	1	0	0
235.3	0.33	0.63	6.26	7.7	9.92	1	0	0
235.5	0.33	0.63	5.64	6.96	8.96	1	0	0
235.32	0.33	0.63	6.77	8.32	10.73	1	0	0
235.37	0.33	0.63	17.82	21.89	28.23	1	0	0
235.29	0.33	0.63	56.3	69.47	89.42	1	0	0
235.21	0.33	0.63	8.76	10.72	13.84	1	0	0
235.15	0.33	0.63	41.31	50.89	65.54	1	0	0
235.7	0.33	0.63	13.26	16.29	21	1	0	0
235.94	0.33	0.63	78.37	96.01	123.93	1	0	0
235.6	0.33	0.63	3.02	3.71	4.78	1	0	0
235.35	0.33	0.63	4.83	5.96	7.67	1	0	0
235.32	0.33	0.63	4.95	6.08	7.84	1	0	0
235.31	0.33	0.63	6.13	7.59	9.76	1	0	0
235.3	0.33	0.63	5.46	6.69	8.64	1	0	0
235.31	0.33	0.63	6.55	8.08	10.4	1	0	0
235.17	0.33	0.63	17.7	21.78	28.07	1	0	0
235.18	0.33	0.63	55.37	67.89	87.6	1	0	0
235.21	0.33	0.63	8.53	10.49	13.52	1	0	0
235.16	0.33	0.63	38.15	47.04	60.57	1	0	0
235.93	0.32	0.63	13.21	16.33	21	1	0	0
235.94	0.33	0.63	78.04	96.27	123.93	1	0	0
235.64	0.33	0.63	1.81	2.21	2.86	1	0	0
235.38	0.33	0.63	0.79	0.97	1.25	1	0	0
235.4	0.33	0.63	1.09	1.35	1.73	1	0	0
235.38	0.33	0.63	2.83	3.45	4.46	1	0	0
235.36	0.33	0.63	3.42	4.22	5.43	1	0	0
235.34	0.33	0.63	3.31	4.09	5.27	1	0	0
235.35	0.33	0.63	4.23	5.21	6.71	1	0	0
235.34	0.32	0.63	4.64	5.7	7.35	1	0	0
235.33	0.33	0.63	5.06	6.19	8	1	0	0
235.32	0.33	0.63	6.35	7.83	10.08	1	0	0
235.15	0.33	0.63	18.16	22.24	28.71	1	0	0
235.4	0.33	0.63	55.53	68.23	87.97	1	0	0
235.22	0.33	0.63	8.65	10.6	13.68	1	0	0
235.13	0.33	0.63	42.19	52.04	66.99	1	0	0
235.72	0.33	0.63	13.28	16.27	21	1	0	0
235.93	0.33	0.63	78.06	96.26	123.93	1	0	0
235.56	0.33	0.63	5.45	6.7	8.64	1	0	0
235.32	0.33	0.63	5.85	7.2	9.28	1	0	0
235.3	0.33	0.63	7.79	9.56	12.33	1	0	0
235.14	0.33	0.63	18.81	23.16	29.83	1	0	0
235.21	0.33	0.63	55.6	68.16	87.97	1	0	0
235.23	0.33	0.63	10.43	12.87	16.57	1	0	0
235.25	0.33	0.63	13.31	16.25	21	1	0	0
235.98	0.32	0.63	78.04	96.27	123.93	1	0	0
235.96	0.33	0.63	7	8.59	11.08	1	0	0
235.61	0.33	0.63	3.02	3.71	4.78	1	0	0
235.56	0.33	0.63	3.67	4.51	5.81	1	0	0
235.57	0.33	0.63	3.56	4.38	5.65	1	0	0
235.55	0.33	0.63	3.4	4.2	5.4	1	0	0
235.55	0.33	0.63	3.6	4.41	5.69	1	0	0
235.57	0.33	0.63	2.71	3.33	4.29	1	0	0
235.54	0.33	0.63	2.51	3.07	3.96	1	0	0
235.53	0.33	0.63	1.8	2.21	2.85	1	0	0
235.77	0.33	0.63	1.26	1.54	1.98	1	0	0
235.53	0.33	0.63	1.1	1.35	1.74	1	0	0
235.75	0.33	0.63	0.5	0.61	0.79	1	0	0
235.48	0.32	0.63	0.55	0.68	0.87	1	0	0
235.72	0.33	0.63	0.47	0.58	0.75	1	0	0
235.49	0.32	0.63	0.66	0.8	1.04	1	0	0
235.49	0.33	0.63	0.63	0.77	1	1	0	0
235.45	0.32	0.63	0.73	0.9	1.16	1	0	0
235.47	0.32	0.63	1.35	1.64	2.12	1	0	0
235.46	0.33	0.63	1.64	2.02	2.6	1	0	0
235.45	0.32	0.63	0.43	0.52	0.68	1	0	0
235.43	0.33	0.63	1.3	1.59	2.05	1	0	0
235.38	0.33	0.63	3.64	4.45	5.75	1	0	0
235.61	0.33	0.63	3.03	3.71	4.78	1	0	0
235.39	0.33	0.63	1.5	1.84	2.38	1	0	0
235.36	0.33	0.63	3.02	3.71	4.78	1	0	0
235.34	0.33	0.63	3.31	4.09	5.27	1	0	0
235.38	0.33	0.63	1.5	1.84	2.38	1	0	0
235.39	0.33	0.63	0.99	1.22	1.57	1	0	0
235.4	0.33	0.63	0.59	0.72	0.93	1	0	0
235.41	0.32	0.63	0.22	0.27	0.35	1	0	0
235.42	0.33	0.63	0.48	0.6	0.77	1	0	0
235.42	0.33	0.63	0.79	0.97	1.25	1	0	0
235.59	0.33	0.63	1.7	2.09	2.7	1	0	0
235.37	0.33	0.63	3.02	3.71	4.78	1	0	0
235.34	0.33	0.63	2.81	3.47	4.46	1	0	0
235.35	0.33	0.63	2.51	3.09	3.98	1	0	0
235.35	0.33	0.63	4.55	5.57	7.19	1	0	0
235.31	0.33	0.63	7.47	9.2	11.85	1	0	0
235.4	0.33	0.63	17.82	21.89	28.23	1	0	0
235.21	0.33	0.63	56.72	69.59	89.78	1	0	0
235.34	0.33	0.63	8.71	10.76	13.84	1	0	0
235.14	0.33	0.63	42.25	51.98	66.99	1	0	0
235.72	0.33	0.63	13.27	16.28	21	1	0	0
230.1	4.93	0.76	173.96	147.05	227.79	0	1	1
230.14	4.92	0.77	1785.28	1497.4	2330.12	0	1	1
230.22	4.88	0.77	480.86	401.22	626.26	0	1	1
230.3	4.86	0.77	163.01	135.93	212.25	0	1	1
230.15	4.85	0.77	1795.3	1485.37	2330.12	0	1	1
230.2	4.82	0.77	550.45	454.28	713.7	0	1	1
230.31	4.79	0.77	189.8	156.05	245.71	0	1	1
230.17	4.78	0.78	1731.57	1411.29	2233.85	0	1	1
230.23	4.74	0.78	560.34	454.61	721.56	0	1	1
230.3	4.72	0.78	83.7	67.75	107.69	0	1	1
229.92	4.71	0.78	1802.04	1456.55	2317.09	0	1	1
230.03	4.68	0.78	426.5	341.18	546.17	0	1	1
230.36	4.66	0.78	384.84	307.93	492.87	0	1	1
230.02	4.65	0.78	1847.15	1470.48	2360.99	0	1	1
230.05	4.62	0.78	440.82	348.83	562.14	0	1	1
230.36	4.61	0.78	381.52	301.47	486.25	0	1	1
230.06	4.59	0.79	1747.26	1363.07	2216.05	0	1	1
230.05	4.56	0.79	409.01	317.5	517.78	0	1	1
230.39	4.54	0.79	318.3	246.78	402.76	0	1	1
230.03	4.54	0.79	1641.51	1266.54	2073.32	0	1	1
230.05	4.52	0.79	351.69	269.79	443.25	0	1	1
230.34	4.49	0.79	133.35	102.16	167.98	0	1	1
230.04	4.48	0.79	1509.32	1152.25	1898.87	0	1	1
230.06	4.46	0.8	251.6	190.86	315.8	0	1	1
230.32	4.45	0.8	77.11	58.23	96.63	0	1	1
230.32	4.43	0.8	281.2	211.52	351.87	0	1	1
230.12	4.43	0.8	1787.1	1332.46	2229.17	0	1	1
230.16	4.4	0.8	718.5	533.13	894.69	0	1	1
230.37	4.39	0.8	311.79	231.44	388.31	0	1	1
230.09	4.38	0.8	1823.73	1345.97	2266.64	0	1	1
230.15	4.37	0.81	658.45	482.45	816.28	0	1	1
230.36	4.35	0.81	346.95	254.7	430.4	0	1	1
230.05	4.35	0.81	1777.43	1293.51	2198.28	0	1	1
230.1	4.33	0.81	588.87	426.31	726.99	0	1	1
230.36	4.31	0.81	266.58	193.57	329.44	0	1	1
230.04	4.31	0.81	1634.27	1177.93	2014.53	0	1	1
230.07	4.29	0.81	385.8	275.18	473.89	0	1	1
230.33	4.27	0.81	74.33	52.99	91.28	0	1	1
230.24	4.25	0.82	212.06	150.74	260.17	0	1	1
230.14	4.26	0.82	1674.41	1182.5	2049.86	0	1	1
230.21	4.24	0.82	847.89	597.13	1037.05	0	1	1
230.23	4.23	0.82	43.2	30.3	52.77	0	1	1
229.9	4.23	0.82	1275.69	895.5	1558.63	0	1	1
230.16	4.21	0.82	19.06	13.29	23.24	0	1	1
229.89	4.2	0.82	488.17	338.64	594.13	0	1	1
230.36	4.19	0.82	73.36	50.99	89.34	0	1	1
230.26	4.17	0.82	220.18	152.53	267.86	0	1	1
230.12	4.18	0.82	1678.51	1154.17	2037.03	0	1	1
230.17	4.17	0.83	863.47	588.49	1044.94	0	1	1
230.28	4.15	0.83	180.13	122.59	217.88	0	1	1
230.1	4.15	0.83	1675.93	1135.18	2024.2	0	1	1
230.16	4.13	0.83	819.56	552.06	988.15	0	1	1
230.39	4.13	0.83	237.68	159.79	286.4	0	1	1
230.06	4.12	0.83	1574.93	1057.11	1896.81	0	1	1
230.08	4.11	0.83	408.92	273.18	491.77	0	1	1
230.31	4.1	0.83	196.74	130.74	236.22	0	1	1
230.08	4.1	0.83	886.59	591.89	1066.01	0	1	1
230.32	4.09	0.83	300.4	199.68	360.71	0	1	1
230.03	4.08	0.83	877.33	581.77	1052.69	0	1	1
230.26	4.08	0.83	184.51	121.78	221.08	0	1	1
230.14	4.08	0.84	1614.7	1062.31	1932.81	0	1	1
230.17	4.06	0.84	798.96	522.41	954.6	0	1	1
230.39	4.06	0.84	160.96	105.57	192.49	0	1	1
230.06	4.05	0.84	1542.67	1004.04	1840.63	0	1	1
230.09	4.04	0.84	321.3	208.23	382.87	0	1	1
230.3	4.03	0.84	351.7	227.25	418.74	0	1	1
230.11	4.02	0.84	761.01	491.04	905.68	0	1	1
230.3	4.03	0.84	771.47	493.61	915.87	0	1	1
230.07	4.02	0.84	601.21	386.13	714.52	0	1	1
230.36	4.01	0.84	51.58	32.84	61.14	0	1	1
230.28	4	0.84	214.57	137.7	254.95	0	1	1
230.12	4.01	0.84	1629.75	1039.08	1932.81	0	1	1
230.16	4	0.84	894.76	567.98	1059.81	0	1	1
230.29	3.99	0.84	195.96	124.56	232.19	0	1	1
230.13	3.99	0.85	1631.29	1029.04	1928.74	0	1	1
230.15	3.99	0.85	894.82	562.68	1057.03	0	1	1
230.26	3.98	0.85	191.02	120.82	226.02	0	1	1
230.11	3.98	0.85	1635.86	1029.43	1932.81	0	1	1
230.16	3.97	0.85	1010.89	634.18	1193.34	0	1	1
230.13	3.97	0.85	205.55	128.8	242.57	0	1	1
230.22	3.97	0.85	1203.08	749.96	1417.69	0	1	1
230.18	3.96	0.85	1026.56	637.25	1208.27	0	1	1
230.14	3.95	0.85	286.68	177.85	337.37	0	1	1
230.29	3.95	0.85	1003.51	621.89	1180.58	0	1	1
230.17	3.94	0.85	1091.58	673.98	1282.89	0	1	1
230.11	3.94	0.85	494.36	305.23	580.99	0	1	1
230.31	3.94	0.85	896.38	550.22	1051.78	0	1	1
230.11	3.93	0.85	985.55	607.08	1157.53	0	1	1
230.26	3.93	0.85	106.53	65.51	125.06	0	1	1
230.02	3.93	0.85	1591.23	977.71	1867.6	0	1	1
230.1	3.92	0.85	521.48	318.92	611.27	0	1	1
230.35	3.92	0.85	261.89	160.04	306.92	0	1	1
230.07	3.92	0.85	1061.28	648.99	1243.98	0	1	1
229.99	0.71	0.8	76.88	58.23	96.44	1	0	1
229.99	0.71	0.8	246.33	185.64	308.45	1	0	1
230.14	0.7	0.8	72.3	53.83	90.14	1	0	1
230.17	0.7	0.8	60.82	44.89	75.59	1	0	1
230.42	0.69	0.81	23.95	17.57	29.7	1	0	1
229.84	0.69	0.81	291.16	214.22	361.47	1	0	1
230.26	0.69	0.81	7.9	5.74	9.76	1	0	1
229.96	0.68	0.81	23.98	17.2	29.51	1	0	1
230.06	0.68	0.81	62.47	45.09	77.04	1	0	1
230.51	0.67	0.81	45.12	32.3	55.49	1	0	1
229.84	0.67	0.82	269.3	190.89	330.09	1	0	1
230.3	0.66	0.82	0.76	0.54	0.93	1	0	1
230.02	0.66	0.82	14.55	10.23	17.79	1	0	1
229.98	0.65	0.82	141.94	99.09	173.11	1	0	1
230.27	0.64	0.82	44.66	31.11	54.43	1	0	1
229.94	0.63	0.82	252.28	172.94	305.87	1	0	1
230.17	0.62	0.83	60.68	40.78	73.11	1	0	1
230.11	0.62	0.83	63.95	42.68	76.88	1	0	1
230.51	0.62	0.83	47.89	32.21	57.71	1	0	1
229.83	0.62	0.83	208.76	140.39	251.57	1	0	1
230.28	0.62	0.83	1.45	0.96	1.73	1	0	1
230	0.62	0.83	15.08	10.03	18.11	1	0	1
230.01	0.62	0.83	144.48	96.01	173.47	1	0	1
230.29	0.62	0.84	55.73	36.66	66.71	1	0	1
229.96	0.62	0.83	256.45	169.06	307.16	1	0	1
230.15	0.61	0.84	69.98	45.77	83.62	1	0	1
230.16	0.61	0.84	63.81	41.72	76.24	1	0	1
230.49	0.61	0.84	23.12	15.16	27.64	1	0	1
229.83	0.61	0.84	213.83	139.76	255.45	1	0	1
230.28	0.61	0.84	0.64	0.42	0.77	1	0	1
230.03	0.61	0.84	14.5	9.45	17.31	1	0	1
229.87	0.61	0.84	131.35	84.98	156.44	1	0	1
230.4	0.61	0.84	27.19	17.56	32.37	1	0	1
229.87	0.61	0.84	232.77	149.74	276.78	1	0	1
230.25	0.61	0.84	12.4	7.97	14.74	1	0	1
229.85	0.6	0.84	129.78	83.39	154.27	1	0	1
230.39	0.61	0.84	19.37	12.45	23.03	1	0	1
229.84	0.6	0.84	225.38	144.51	267.73	1	0	1
230.28	0.6	0.84	8.61	5.55	10.24	1	0	1
229.85	0.6	0.84	95.5	61.01	113.33	1	0	1
230.41	0.6	0.84	12.36	7.93	14.69	1	0	1
230.23	0.6	0.84	14.3	9.17	16.99	1	0	1
229.84	0.6	0.84	220.22	140.59	261.27	1	0	1
230.27	0.6	0.84	6.74	4.3	8	1	0	1
229.97	0.6	0.84	48	30.39	56.81	1	0	1
230.05	0.59	0.85	146.94	92.87	173.83	1	0	1
230.24	0.6	0.84	91.18	58.03	108.08	1	0	1
230.24	0.59	0.84	168.31	106.71	199.29	1	0	1
230.08	0.59	0.85	122.27	76.98	144.49	1	0	1
230.42	0.59	0.85	26.68	16.8	31.53	1	0	1
229.87	0.59	0.85	215.56	135.87	254.8	1	0	1
230.31	0.59	0.85	0.38	0.24	0.45	1	0	1
230.03	0.59	0.85	32.52	20.28	38.33	1	0	1
229.98	0.6	0.85	146	89.6	171.3	1	0	1
230.36	0.6	0.85	27.73	17.05	32.55	1	0	1
229.97	0.61	0.85	258.14	157.96	302.64	1	0	1
230.2	0.6	0.85	58.63	35.93	68.76	1	0	1
230.12	0.61	0.85	148.44	90.46	173.83	1	0	1
230.19	0.61	0.85	111.11	67.59	130.05	1	0	1
230.36	0.61	0.86	73.25	44.19	85.55	1	0	1
230.1	0.61	0.86	60.41	36.49	70.58	1	0	1
230.11	0.61	0.86	148.61	89.48	173.47	1	0	1
230.2	0.61	0.86	68.01	40.66	79.24	1	0	1
230.07	0.61	0.86	183.24	108.74	213.07	1	0	1
230.14	0.61	0.86	85.15	50.88	99.2	1	0	1
230.24	0.61	0.86	144.32	85.36	167.67	1	0	1
230.15	0.61	0.86	125.92	75.58	146.86	1	0	1
230.4	0.61	0.86	71.06	42.18	82.64	1	0	1
230.05	0.61	0.86	64.08	38.12	74.56	1	0	1
230.16	0.61	0.86	149.44	88.09	173.47	1	0	1
230.24	0.61	0.86	60.13	35.64	69.9	1	0	1
230.06	0.61	0.86	183.98	107.48	213.07	1	0	1
230.13	0.61	0.86	84.02	49.24	97.39	1	0	1
230.26	0.61	0.86	143.81	84.8	166.95	1	0	1
230.11	0.61	0.86	142.55	84.29	165.6	1	0	1
230.43	0.61	0.86	10.46	6.1	12.11	1	0	1
230.14	0.61	0.86	29.58	17.45	34.34	1	0	1
229.98	0.61	0.86	147.8	86.6	171.3	1	0	1
230.32	0.61	0.86	20.81	12.16	24.1	1	0	1
229.91	0.61	0.86	256.27	151.03	297.46	1	0	1
230.17	0.61	0.86	51.85	30.33	60.07	1	0	1
230.03	0.61	0.86	149.98	87.17	173.47	1	0	1
230.26	0.6	0.86	44.51	26.23	51.67	1	0	1
229.99	0.61	0.86	180.44	105.6	209.07	1	0	1
230.16	0.61	0.86	62.75	36.8	72.75	1	0	1
230.13	0.61	0.86	149.2	87.78	173.11	1	0	1
230.2	0.61	0.86	71.89	41.95	83.24	1	0	1
230.11	0.61	0.86	182.94	107.49	212.18	1	0	1
229.99	0.71	0.8	72.81	55.03	91.27	1	1	0
230.01	0.71	0.8	246.84	184.96	308.45	1	1	0
230.11	0.7	0.8	79.93	59.36	99.56	1	1	0
230.22	0.7	0.8	59.94	44.19	74.47	1	1	0
230.38	0.69	0.81	12.83	9.42	15.92	1	1	0
229.82	0.69	0.81	234.94	171.84	291.08	1	1	0
230.31	0.69	0.81	2.77	2.01	3.43	1	1	0
230.08	0.68	0.81	7.27	5.24	8.96	1	1	0
229.95	0.68	0.81	21.35	15.35	26.3	1	1	0
230.06	0.67	0.81	62.58	44.66	76.88	1	1	0
230.51	0.67	0.81	35.13	25.12	43.19	1	1	0
229.84	0.66	0.82	259.52	184.15	318.22	1	1	0
230.32	0.66	0.82	4.24	2.96	5.17	1	1	0
230.05	0.65	0.82	14.06	9.82	17.15	1	1	0
229.87	0.64	0.82	130.14	90.05	158.25	1	1	0
230.42	0.63	0.83	23.08	15.71	27.92	1	1	0
229.84	0.63	0.83	227.64	154.01	274.84	1	1	0
230.25	0.62	0.83	11.04	7.41	13.29	1	1	0
229.83	0.62	0.83	127.96	85.51	153.91	1	1	0
230.4	0.62	0.83	31.75	21.15	38.15	1	1	0
229.84	0.62	0.83	224.28	149.74	269.67	1	1	0
230.24	0.62	0.83	7.87	5.22	9.44	1	1	0
229.96	0.62	0.83	57.7	38.07	69.13	1	1	0
230.09	0.62	0.83	145.01	95.86	173.83	1	1	0
230.22	0.62	0.83	84.22	55.69	100.97	1	1	0
230.2	0.62	0.84	168.43	109.81	201.07	1	1	0
230.05	0.61	0.84	118.91	77.53	141.95	1	1	0
230.45	0.61	0.84	28.01	18.32	33.47	1	1	0
229.82	0.61	0.84	211.2	139.05	252.86	1	1	0
230.27	0.61	0.84	2.8	1.83	3.34	1	1	0
230.01	0.61	0.84	40.99	26.55	48.84	1	1	0
230.01	0.61	0.84	145.59	93.65	173.11	1	1	0
230.25	0.61	0.84	77.02	50.16	91.92	1	1	0
230	0.61	0.84	258.59	168.15	308.45	1	1	0
230.12	0.6	0.84	81.24	52.38	96.66	1	1	0
230.21	0.61	0.84	62.4	40.06	74.15	1	1	0
230.4	0.6	0.84	24.99	16.06	29.7	1	1	0
229.85	0.6	0.84	228.95	147.32	272.26	1	1	0
230.26	0.6	0.84	8.5	5.42	10.08	1	1	0
229.85	0.6	0.84	97.45	62	115.5	1	1	0
230.45	0.6	0.84	12.15	7.81	14.44	1	1	0
230.23	0.6	0.84	5.32	3.4	6.32	1	1	0
230.01	0.6	0.84	47.32	30.16	56.12	1	1	0
230	0.6	0.84	259.53	165.49	307.81	1	1	0
230.13	0.6	0.84	79.19	50.21	93.76	1	1	0
230.19	0.59	0.85	143.01	90.28	169.12	1	1	0
230.12	0.59	0.84	139.74	88.86	165.6	1	1	0
230.43	0.6	0.85	62.92	39.66	74.38	1	1	0
230	0.59	0.84	79.14	50.29	93.76	1	1	0
230.2	0.59	0.85	142.92	90.42	169.12	1	1	0
230.12	0.59	0.84	129.54	82.02	153.32	1	1	0
230.38	0.59	0.85	66.7	41.86	78.75	1	1	0
230.02	0.59	0.85	68.08	42.7	80.36	1	1	0
230.14	0.6	0.85	146.58	90.03	172.02	1	1	0
230.15	0.6	0.85	128.74	79.64	151.38	1	1	0
230.4	0.61	0.85	65.1	39.83	76.32	1	1	0
230	0.6	0.85	70.48	42.95	82.53	1	1	0
230.14	0.61	0.86	147.74	88.81	172.38	1	1	0
230.18	0.61	0.85	118.74	72.46	139.1	1	1	0
230.38	0.61	0.86	70.69	42.8	82.64	1	1	0
230.06	0.61	0.86	61.73	37.11	72.02	1	1	0
230.08	0.61	0.86	148.93	89.65	173.83	1	1	0
230.23	0.61	0.86	65.77	39.21	76.57	1	1	0
230.03	0.61	0.86	182.46	109.17	212.63	1	1	0
230.13	0.61	0.86	75.43	45.25	87.97	1	1	0
230.2	0.61	0.86	147.43	87.21	171.3	1	1	0
230.17	0.61	0.86	68.02	40.64	79.24	1	1	0
230.06	0.61	0.86	183.22	108.77	213.07	1	1	0
230.12	0.61	0.86	85.79	51.23	99.92	1	1	0
230.22	0.61	0.86	146.54	86.59	170.21	1	1	0
230.13	0.61	0.86	86.1	51.13	100.13	1	1	0
230.3	0.61	0.86	166.24	98.18	193.06	1	1	0
230.04	0.61	0.86	151.1	89.99	175.87	1	1	0
230.44	0.61	0.86	9.49	5.54	10.98	1	1	0
230.27	0.61	0.86	5.2	3.05	6.02	1	1	0
230.05	0.61	0.86	33.38	19.73	38.77	1	1	0
229.95	0.61	0.86	260.38	152.98	301.99	1	1	0
230.18	0.61	0.86	58.05	34.08	67.31	1	1	0
230.08	0.61	0.86	149.89	87.32	173.47	1	1	0
230.27	0.61	0.86	45.78	26.72	53	1	1	0
229.99	0.61	0.86	182.61	107.19	211.74	1	1	0
230.13	0.61	0.86	71.76	42.21	83.26	1	1	0
230.15	0.61	0.87	150.08	86.99	173.47	1	1	0
230.21	0.61	0.87	63.54	36.86	73.46	1	1	0
230.02	0.61	0.86	183.12	107.18	212.18	1	1	0
230.13	0.61	0.86	134.58	79.13	156.12	1	1	0
230.4	0.61	0.86	10.55	6.24	12.26	1	1	0
230.15	0.61	0.86	32.7	19.14	37.89	1	1	0
229.94	0.61	0.86	258.4	152.51	300.05	1	1	0
230.17	0.61	0.87	59.81	34.66	69.13	1	1	0
230.08	0.61	0.87	150.81	86.46	173.83	1	1	0
230.19	0.6	0.87	71.25	41.3	82.35	1	1	0
230.07	0.61	0.86	184.26	106.99	213.07	1	1	0
230.12	0.6	0.87	132.26	76.4	152.74	1	1	0
230.41	0.61	0.87	10.77	6.2	12.42	1	1	0
230.13	0.6	0.87	38.16	22.13	44.11	1	1	0
229.96	0.61	0.86	181.04	105.46	209.52	1	1	0
230.16	0.6	0.87	61.19	35.16	70.58	1	1	0
230.08	5.23	0.77	242.79	203.65	316.89	1	1	1
230.09	5.22	0.77	2013.88	1674.25	2618.93	1	1	1
230.16	5.19	0.77	545.37	450.55	707.41	1	1	1
230.3	5.16	0.77	248.83	205.04	322.42	1	1	1
230.13	5.15	0.77	1954.03	1595.48	2522.66	1	1	1
230.2	5.11	0.78	559.15	453.58	719.99	1	1	1
230.26	5.07	0.78	140.78	114.23	181.3	1	1	1
230.15	5.06	0.78	1801.89	1454.17	2315.47	1	1	1
230.22	5.03	0.78	571.34	458.51	732.57	1	1	1
230.26	5.01	0.78	12.09	9.66	15.47	1	1	1
229.89	5	0.78	894.19	711.83	1142.93	1	1	1
230.3	4.98	0.79	376.6	296.7	479.43	1	1	1
230.04	4.95	0.79	692.78	544.23	880.98	1	1	1
230.29	4.92	0.79	201.57	158.02	256.12	1	1	1
230.14	4.91	0.79	1918.37	1493.96	2431.47	1	1	1
230.21	4.89	0.79	707.36	548.03	894.82	1	1	1
230.32	4.86	0.79	166.82	129.21	211	1	1	1
230.15	4.87	0.79	1849.62	1417.17	2330.12	1	1	1
230.2	4.84	0.8	702.46	534.95	882.96	1	1	1
230.29	4.82	0.8	231.06	175.69	290.27	1	1	1
230.13	4.81	0.8	1864.35	1405.85	2335	1	1	1
230.23	4.79	0.8	785.36	589.2	981.81	1	1	1
230.3	4.75	0.8	224.57	168.01	280.46	1	1	1
230.11	4.75	0.8	1872.46	1395.03	2335	1	1	1
230.2	4.72	0.8	769.66	570.18	957.85	1	1	1
230.34	4.7	0.8	265.7	196.79	330.63	1	1	1
230.12	4.71	0.81	1881.11	1383.35	2335	1	1	1
230.18	4.69	0.81	800.6	585.48	991.84	1	1	1
230.36	4.67	0.81	319.9	233.21	395.88	1	1	1
230.09	4.67	0.81	1935.87	1402.96	2390.79	1	1	1
230.13	4.65	0.81	757.39	543.72	932.35	1	1	1
230.38	4.63	0.81	335.83	241.57	413.69	1	1	1
230.04	4.61	0.81	1918.14	1372.81	2358.78	1	1	1
230.1	4.59	0.81	629.58	448.35	772.91	1	1	1
230.38	4.58	0.81	268.32	191.15	329.44	1	1	1
230.06	4.57	0.82	1667.28	1178.27	2041.6	1	1	1
230.1	4.56	0.82	334.46	234.84	408.67	1	1	1
230.32	4.55	0.82	125.98	88.41	153.91	1	1	1
230.16	4.54	0.82	308.09	215.21	375.82	1	1	1
230.27	4.54	0.82	1455.26	1009.79	1771.29	1	1	1
230.29	4.52	0.82	906.17	625.88	1101.3	1	1	1
230.19	4.51	0.82	211.23	145.49	256.49	1	1	1
230.25	4.5	0.82	1579.82	1084.98	1916.51	1	1	1
230.29	4.48	0.83	952.15	650.88	1153.36	1	1	1
230.25	4.46	0.83	29.27	19.94	35.42	1	1	1
229.91	4.46	0.83	1162.83	792.59	1407.26	1	1	1
230.23	4.45	0.83	4.17	2.82	5.03	1	1	1
230.27	4.44	0.83	282.73	190.09	340.69	1	1	1
230.04	4.43	0.83	946.42	636.46	1140.52	1	1	1
230.32	4.42	0.83	185.43	124.25	223.21	1	1	1
230.17	4.43	0.83	1849.94	1235.33	2224.49	1	1	1
230.22	4.41	0.83	873.92	579.65	1048.68	1	1	1
230.3	4.4	0.83	250.33	165.62	300.16	1	1	1
230.17	4.4	0.83	1825.9	1203.83	2187.04	1	1	1
230.23	4.39	0.84	792.4	521.28	948.48	1	1	1
230.45	4.37	0.84	165.3	108.38	197.66	1	1	1
230.13	4.36	0.84	1570.68	1025.86	1876.01	1	1	1
230.13	4.35	0.84	352.41	228.3	419.9	1	1	1
230.39	4.34	0.84	275.47	178.72	328.36	1	1	1
230.15	4.33	0.84	914.02	592.76	1089.4	1	1	1
230.37	4.34	0.84	295.75	190.79	351.95	1	1	1
230.12	4.32	0.84	929.1	596.95	1104.34	1	1	1
230.36	4.32	0.84	202.7	129.94	240.77	1	1	1
230.16	4.32	0.84	1787.82	1138.72	2119.66	1	1	1
230.23	4.31	0.84	976.59	621.39	1157.53	1	1	1
230.27	4.31	0.84	213.6	135.74	253.08	1	1	1
230.16	4.31	0.84	1781.94	1131.26	2110.7	1	1	1
230.18	4.3	0.85	958.69	605.03	1133.65	1	1	1
230.31	4.29	0.85	230.88	145.73	273.03	1	1	1
230.13	4.29	0.85	1788	1121.66	2110.7	1	1	1
230.19	4.27	0.85	901.03	562.14	1062.01	1	1	1
230.3	4.26	0.85	247.44	154.83	291.89	1	1	1
230.13	4.26	0.85	1773.61	1102.42	2088.31	1	1	1
230.15	4.25	0.85	902.72	559.43	1062.01	1	1	1
230.37	4.24	0.85	261.7	162.13	307.85	1	1	1
230.11	4.24	0.85	1746.02	1078.91	2052.47	1	1	1
230.12	4.24	0.85	888.21	548.83	1044.1	1	1	1
230.32	4.23	0.85	237.81	146.61	279.37	1	1	1
230.11	4.24	0.85	1739.84	1071.86	2043.51	1	1	1
230.14	4.23	0.85	842.3	515.23	987.39	1	1	1
230.41	4.22	0.85	66.55	40.53	77.92	1	1	1
230.18	4.22	0.85	94.95	58.13	111.33	1	1	1
229.96	4.23	0.85	1499.38	914.71	1756.37	1	1	1
230.2	4.22	0.85	41.39	25.15	48.43	1	1	1
229.93	4.21	0.85	919.54	559.58	1076.43	1	1	1
230.3	4.21	0.86	240.42	145.51	281.02	1	1	1
230.13	4.21	0.86	1769.27	1066.61	2065.91	1	1	1
230.12	4.2	0.86	973.31	587.69	1136.97	1	1	1
230.34	4.19	0.86	223.72	134.74	261.16	1	1	1
230.11	4.19	0.86	1769.8	1065.73	2065.91	1	1	1
230.13	4.19	0.86	973.1	581.84	1133.79	1	1	1
230.33	4.17	0.86	213.03	127.81	248.43	1	1	1
230.14	4.18	0.86	1714.9	1026.28	1998.53	1	1	1
